--- name:exoter_navcam
# Hostname/IP of the Autonav server
autonav_host: '192.168.10.2'
# Goal pose waypoint (x,y) coordinates in global frame in meters
goal_pose:
  position:
    data:
    - 5.0
    - 2.0
    - 0.0
  heading: 0.0
  tol_position: 0.0
  tol_heading: 0.0

tolerance_heading: 0.0

tolerance_position: 0.0

goal_threshold: 0.1

ptu_threshold: 0.01

# calibration parameters for stereo camera intrinsics and extrinsics
stereo_camera_calibration:
  camLeft:
    fx: 840.919396
    fy: 843.876013
    cx: 517.845770
    cy: 379.251908
    d0: -0.348848
    d1: 0.139364
    d2: -0.000173
    d3: -0.000284
    width: 1024
    height: 768
  camRight:
    fx: 835.429210
    fy: 838.788617
    cx: 507.897115
    cy: 381.645570
    d0: -0.351098
    d1: 0.139501
    d2: 0.000350
    d3: -0.000483
    width: 1024
    height: 768
#Distance between left and right camera
  extrinsic:
    tx: -120.42072407397772
    ty: 0.5734647751856973
    tz: -2.598275067303107
    rx: 0.0030362424497703553
    ry: 0.008216107727968488
    rz: -0.0005449859535995445

