--- name:exoter_navcam
# Hostname/IP of the Autonav server
autonav_host: '192.168.10.2'
# Goal pose waypoint (x,y) coordinates in global frame in meters
goal_pose:
  position:
    data:
    - 6.5
    - 2.1
    - 0.0
  heading: 0.0
  tol_position: 0.0
  tol_heading: 0.0

tolerance_heading: 0.0

tolerance_position: 0.0

goal_threshold: 0.5

ptu_threshold: 0.5

min_pan: -90.0
max_pan: 90.0
min_tilt: -90.0
max_tilt: 90.0

# calibration parameters for stereo camera intrinsics and extrinsics
stereo_camera_calibration:
  camLeft:
    fx: 839.346939
    fy: 838.403357
    cx: 511.631466
    cy: 381.318781
    d0: -0.348859
    d1: 0.150709
    d2: -0.002313
    d3: 0.001115
    width: 1024
    height: 768
  camRight:
    fx: 835.480135
    fy: 835.149129
    cx: 513.882893
    cy: 376.572047
    d0: -0.343388
    d1: 0.131368
    d2: 0.000254
    d3: -0.001798
    width: 1024
    height: 768
#Distance between left and right camera
  extrinsic:
    tx: -119.4423760483391
    ty: 0.2563371225743041
    tz: -0.3317162024801205
    rx: -0.005911820317064395
    ry: -0.006159386018927840
    rz: -0.001589540777078733
